dataM
    102.145    -58.5913    -3.39073  -0.0787311     2.65791     6.65485     1.00711     3.73881    0.475857    0.805386   0.0295797     2.89197    -3.25903    0.924398    0.233347    0.375521   -0.534842   0.0447427
   -58.5913     36.0837     2.75334   0.0778483    -2.52724    -4.73324   -0.684519    -3.13161   -0.463948   -0.698352  -0.0295797   -0.950939      1.1736   -0.158042   0.0572988   -0.226206    0.410646  -0.0447427
   -3.39073     2.75334     14.5875 -0.00481423  -0.0140764    -5.86098    -1.23452   -0.538742     0.32153   -0.852464   0.0162038     1.95013    -1.30113    0.183495    0.301096    -0.28164   -0.252932   0.0982209
 -0.0787311   0.0778483 -0.00481423      0.1037           0           0           0           0           0           0           0           0           0           0           0           0           0           0
    2.65791    -2.52724  -0.0140764           0     1.02378    0.751062     0.30268    0.881086    0.299762    0.296706    0.126814           0           0           0           0           0           0           0
    6.65485    -4.73324    -5.86098           0    0.751062     4.37823    0.815227     1.12347   -0.144611    0.802884  -0.0670799           0           0           0           0           0           0           0
    1.00711   -0.684519    -1.23452           0     0.30268    0.815227    0.442503    0.158749    0.134218    0.254181    0.157499           0           0           0           0           0           0           0
    3.73881    -3.13161   -0.538742           0    0.881086     1.12347    0.158749     1.30725    0.181761    0.389163  -0.0706087           0           0           0           0           0           0           0
   0.475857   -0.463948     0.32153           0    0.299762   -0.144611    0.134218    0.181761    0.258981 0.000864048    0.150217           0           0           0           0           0           0           0
   0.805386   -0.698352   -0.852464           0    0.296706    0.802884    0.254181    0.389163 0.000864048    0.416433 5.94784e-07           0           0           0           0           0           0           0
  0.0295797  -0.0295797   0.0162038           0    0.126814  -0.0670799    0.157499  -0.0706087    0.150217 5.94784e-07    0.175686           0           0           0           0           0           0           0
    2.89197   -0.950939     1.95013           0           0           0           0           0           0           0           0     2.52895   -0.180842    0.449897    0.664493    -0.11942   0.0738738   0.0470348
   -3.25903      1.1736    -1.30113           0           0           0           0           0           0           0           0   -0.180842     2.28626   -0.595685     0.30066   0.0361106  -0.0503119   0.0435425
   0.924398   -0.158042    0.183495           0           0           0           0           0           0           0           0    0.449897   -0.595685    0.648788   0.0422107    0.232261    0.202706   -0.135082
   0.233347   0.0572988    0.301096           0           0           0           0           0           0           0           0    0.664493     0.30066   0.0422107    0.630338  -0.0804574    0.221309    0.110724
   0.375521   -0.226206    -0.28164           0           0           0           0           0           0           0           0    -0.11942   0.0361106    0.232261  -0.0804574    0.383706  -0.0153647  -0.0833171
  -0.534842    0.410646   -0.252932           0           0           0           0           0           0           0           0   0.0738738  -0.0503119    0.202706    0.221309  -0.0153647    0.434752 6.15745e-07
  0.0447427  -0.0447427   0.0982209           0           0           0           0           0           0           0           0   0.0470348   0.0435425   -0.135082    0.110724  -0.0833171 6.15745e-07    0.175686
    102.146    -58.5918    -3.38915  -0.0787247     2.65788     6.65461     1.00672     3.73868    0.476152    0.804884   0.0295582     2.89143    -3.25995    0.924791    0.233458    0.375623   -0.534267   0.0448777
   -58.5918     36.0835     2.75252   0.0778465     -2.5272    -4.73279   -0.684256    -3.13144   -0.464206   -0.697913  -0.0295582   -0.950814     1.17416   -0.158201   0.0571551   -0.226154    0.410402  -0.0448777
   -3.38915     2.75252     14.5888 -0.00481548  -0.0137678    -5.86147    -1.23402   -0.539448    0.321408   -0.852633   0.0161847      1.9502    -1.30222    0.184063    0.301074   -0.281537   -0.252633   0.0981261
 -0.0787247   0.0778465 -0.00481548      0.1037           0           0           0           0           0           0           0           0           0           0           0           0           0           0
    2.65788     -2.5272  -0.0137678           0     1.02385    0.750765    0.302593    0.881105    0.299895    0.296544    0.126795           0           0           0           0           0           0           0
    6.65461    -4.73279    -5.86147           0    0.750765     4.37849    0.814935     1.12379   -0.144492    0.802927  -0.0670619           0           0           0           0           0           0           0
    1.00672   -0.684256    -1.23402           0    0.302593    0.814935    0.442334    0.158827    0.134303    0.254115    0.157498           0           0           0           0           0           0           0
    3.73868    -3.13144   -0.539448           0    0.881105     1.12379    0.158827     1.30718     0.18182    0.389097  -0.0706346           0           0           0           0           0           0           0
   0.476152   -0.464206    0.321408           0    0.299895   -0.144492    0.134303     0.18182    0.259021 0.000865241    0.150202           0           0           0           0           0           0           0
   0.804884   -0.697913   -0.852633           0    0.296544    0.802927    0.254115    0.389097 0.000865241    0.416433 5.94784e-07           0           0           0           0           0           0           0
  0.0295582  -0.0295582   0.0161847           0    0.126795  -0.0670619    0.157498  -0.0706346    0.150202 5.94784e-07    0.175686           0           0           0           0           0           0           0
    2.89143   -0.950814      1.9502           0           0           0           0           0           0           0           0     2.52902   -0.180895    0.450231    0.664509   -0.119317   0.0740163   0.0469351
   -3.25995     1.17416    -1.30222           0           0           0           0           0           0           0           0   -0.180895     2.28641   -0.595667    0.300904   0.0359702  -0.0503458    0.043628
   0.924791   -0.158201    0.184063           0           0           0           0           0           0           0           0    0.450231   -0.595667    0.648845   0.0421982    0.232383     0.20267   -0.135096
   0.233458   0.0571551    0.301074           0           0           0           0           0           0           0           0    0.664509    0.300904   0.0421982    0.630447  -0.0804911    0.221385    0.110718
   0.375623   -0.226154   -0.281537           0           0           0           0           0           0           0           0   -0.119317   0.0359702    0.232383  -0.0804911    0.383768  -0.0153676  -0.0832783
  -0.534267    0.410402   -0.252633           0           0           0           0           0           0           0           0   0.0740163  -0.0503458     0.20267    0.221385  -0.0153676     0.43474 6.15732e-07
  0.0448777  -0.0448777   0.0981261           0           0           0           0           0           0           0           0   0.0469351    0.043628   -0.135096    0.110718  -0.0832783 6.15732e-07    0.175686
    102.148    -58.5926     -3.3864  -0.0787133     2.65783     6.65417     1.00603     3.73847    0.476673    0.803999   0.0295202     2.89046    -3.26157    0.925482    0.233654    0.375803   -0.533257   0.0451149
   -58.5926     36.0831     2.75108   0.0778432    -2.52714    -4.73199   -0.683793    -3.13113   -0.464661   -0.697139  -0.0295202   -0.950594     1.17514   -0.158479   0.0569032   -0.226065    0.409972  -0.0451149
    -3.3864     2.75108     14.5911  -0.0048177  -0.0132284    -5.86234    -1.23314   -0.540697    0.321192   -0.852931   0.0161515     1.95032    -1.30413    0.185058    0.301035   -0.281356   -0.252109   0.0979594
 -0.0787133   0.0778432  -0.0048177      0.1037           0           0           0           0           0           0           0           0           0           0           0           0           0           0
    2.65783    -2.52714  -0.0132284           0     1.02398    0.750243    0.302441    0.881139    0.300129    0.296259    0.126762           0           0           0           0           0           0           0
    6.65417    -4.73199    -5.86234           0    0.750243     4.37895    0.814423     1.12434   -0.144282    0.803001  -0.0670303           0           0           0           0           0           0           0
    1.00603   -0.683793    -1.23314           0    0.302441    0.814423    0.442035    0.158965    0.134452    0.253998    0.157495           0           0           0           0           0           0           0
    3.73847    -3.13113   -0.540697           0    0.881139     1.12434    0.158965     1.30706    0.181925     0.38898  -0.0706803           0           0           0           0           0           0           0
   0.476673   -0.464661    0.321192           0    0.300129   -0.144282    0.134452    0.181925    0.259092 0.000867306    0.150176           0           0           0           0           0           0           0
   0.803999   -0.697139   -0.852931           0    0.296259    0.803001    0.253998     0.38898 0.000867306    0.416433 5.94785e-07           0           0           0           0           0           0           0
  0.0295202  -0.0295202   0.0161515           0    0.126762  -0.0670303    0.157495  -0.0706803    0.150176 5.94785e-07    0.175686           0           0           0           0           0           0           0
    2.89046   -0.950594     1.95032           0           0           0           0           0           0           0           0     2.52914   -0.180987    0.450818    0.664536   -0.119134   0.0742668   0.0467594
   -3.26157     1.17514    -1.30413           0           0           0           0           0           0           0           0   -0.180987     2.28668   -0.595634    0.301333   0.0357235  -0.0504047   0.0437781
   0.925482   -0.158479    0.185058           0           0           0           0           0           0           0           0    0.450818   -0.595634    0.648944   0.0421765    0.232597    0.202606   -0.135122
   0.233654   0.0569032    0.301035           0           0           0           0           0           0           0           0    0.664536    0.301333   0.0421765    0.630639  -0.0805503     0.22152    0.110708
   0.375803   -0.226065   -0.281356           0           0           0           0           0           0           0           0   -0.119134   0.0357235    0.232597  -0.0805503    0.383878  -0.0153726  -0.0832101
  -0.533257    0.409972   -0.252109           0           0           0           0           0           0           0           0   0.0742668  -0.0504047    0.202606     0.22152  -0.0153726     0.43472 6.15708e-07
  0.0451149  -0.0451149   0.0979594           0           0           0           0           0           0           0           0   0.0467594   0.0437781   -0.135122    0.110708  -0.0832101 6.15708e-07    0.175686
     102.15    -58.5937    -3.38276  -0.0786983     2.65777     6.65359     1.00512     3.73817    0.477365    0.802825   0.0294698     2.88918    -3.26371    0.926397    0.233911    0.376042   -0.531915   0.0454289
   -58.5937     36.0827     2.74917   0.0778389    -2.52706    -4.73093   -0.683181    -3.13072   -0.465264   -0.696112  -0.0294698   -0.950302     1.17645   -0.158849   0.0565702   -0.225946    0.409401  -0.0454289
   -3.38276     2.74917     14.5941 -0.00482064  -0.0125136    -5.86348    -1.23197   -0.542355    0.320904   -0.853326   0.0161075     1.95047    -1.30666    0.186377    0.300982   -0.281114   -0.251413   0.0977384
 -0.0786983   0.0778389 -0.00482064      0.1037           0           0           0           0           0           0           0           0           0           0           0           0           0           0
    2.65777    -2.52706  -0.0125136           0     1.02414    0.749551    0.302239    0.881184    0.300439     0.29588    0.126717           0           0           0           0           0           0           0
    6.65359    -4.73093    -5.86348           0    0.749551     4.37956    0.813745     1.12507   -0.144004      0.8031  -0.0669885           0           0           0           0           0           0           0
    1.00512   -0.683181    -1.23197           0    0.302239    0.813745     0.44164    0.159149     0.13465    0.253844    0.157491           0           0           0           0           0           0           0
    3.73817    -3.13072   -0.542355           0    0.881184     1.12507    0.159149     1.30691    0.182065    0.388826   -0.070741           0           0           0           0           0           0           0
   0.477365   -0.465264    0.320904           0    0.300439   -0.144004     0.13465    0.182065    0.259186 0.000870032     0.15014           0           0           0           0           0           0           0
   0.802825   -0.696112   -0.853326           0     0.29588      0.8031    0.253844    0.388826 0.000870032    0.416434 5.94785e-07           0           0           0           0           0           0           0
  0.0294698  -0.0294698   0.0161075           0    0.126717  -0.0669885    0.157491   -0.070741     0.15014 5.94785e-07    0.175686           0           0           0           0           0           0           0
    2.88918   -0.950302     1.95047           0           0           0           0           0           0           0           0     2.52931   -0.181107    0.451598    0.664571   -0.118891   0.0745987   0.0465262
   -3.26371     1.17645    -1.30666           0           0           0           0           0           0           0           0   -0.181107     2.28703    -0.59559    0.301902   0.0353968  -0.0504821   0.0439768
   0.926397   -0.158849    0.186377           0           0           0           0           0           0           0           0    0.451598    -0.59559    0.649075   0.0421476    0.232881    0.202522   -0.135157
   0.233911   0.0565702    0.300982           0           0           0           0           0           0           0           0    0.664571    0.301902   0.0421476    0.630893  -0.0806286    0.221698    0.110694
   0.376042   -0.225946   -0.281114           0           0           0           0           0           0           0           0   -0.118891   0.0353968    0.232881  -0.0806286    0.384023  -0.0153793  -0.0831197
  -0.531915    0.409401   -0.251413           0           0           0           0           0           0           0           0   0.0745987  -0.0504821    0.202522    0.221698  -0.0153793    0.434694 6.15676e-07
  0.0454289  -0.0454289   0.0977384           0           0           0           0           0           0           0           0   0.0465262   0.0439768   -0.135157    0.110694  -0.0831197 6.15676e-07    0.175686
    102.153    -58.5949    -3.37845  -0.0786804     2.65769      6.6529     1.00405     3.73783    0.478185    0.801433     0.02941     2.88766    -3.26625    0.927481    0.234214    0.376325   -0.530323   0.0458007
   -58.5949     36.0821     2.74692   0.0778339    -2.52696    -4.72967   -0.682459    -3.13023    -0.46598   -0.694893    -0.02941   -0.949957       1.178   -0.159287   0.0561763   -0.225806    0.408723  -0.0458007
   -3.37845     2.74692     14.5977 -0.00482412  -0.0116681    -5.86484    -1.23059   -0.544321    0.320563   -0.853793   0.0160556     1.95065    -1.30966    0.187939    0.300916   -0.280825   -0.250588   0.0974759
 -0.0786804   0.0778339 -0.00482412      0.1037           0           0           0           0           0           0           0           0           0           0           0           0           0           0
    2.65769    -2.52696  -0.0116681           0     1.02433    0.748731    0.302002    0.881235    0.300807    0.295431    0.126664           0           0           0           0           0           0           0
     6.6529    -4.72967    -5.86484           0    0.748731     4.38027    0.812941     1.12594   -0.143673    0.803215  -0.0669392           0           0           0           0           0           0           0
    1.00405   -0.682459    -1.23059           0    0.302002    0.812941    0.441173    0.159366    0.134885    0.253661    0.157486           0           0           0           0           0           0           0
    3.73783    -3.13023   -0.544321           0    0.881235     1.12594    0.159366     1.30672     0.18223    0.388643  -0.0708129           0           0           0           0           0           0           0
   0.478185    -0.46598    0.320563           0    0.300807   -0.143673    0.134885     0.18223    0.259298  0.00087326    0.150098           0           0           0           0           0           0           0
   0.801433   -0.694893   -0.853793           0    0.295431    0.803215    0.253661    0.388643  0.00087326    0.416434 5.94786e-07           0           0           0           0           0           0           0
    0.02941    -0.02941   0.0160556           0    0.126664  -0.0669392    0.157486  -0.0708129    0.150098 5.94786e-07    0.175686           0           0           0           0           0           0           0
    2.88766   -0.949957     1.95065           0           0           0           0           0           0           0           0      2.5295    -0.18125    0.452521    0.664611   -0.118601    0.074992   0.0462495
   -3.26625       1.178    -1.30966           0           0           0           0           0           0           0           0    -0.18125     2.28745   -0.595537    0.302577   0.0350095  -0.0505729    0.044212
   0.927481   -0.159287    0.187939           0           0           0           0           0           0           0           0    0.452521   -0.595537    0.649232   0.0421133    0.233217    0.202422   -0.135197
   0.234214   0.0561763    0.300916           0           0           0           0           0           0           0           0    0.664611    0.302577   0.0421133    0.631196  -0.0807214     0.22191    0.110677
   0.376325   -0.225806   -0.280825           0           0           0           0           0           0           0           0   -0.118601   0.0350095    0.233217  -0.0807214    0.384195  -0.0153872  -0.0830125
  -0.530323    0.408723   -0.250588           0           0           0           0           0           0           0           0    0.074992  -0.0505729    0.202422     0.22191  -0.0153872    0.434663 6.15639e-07
  0.0458007  -0.0458007   0.0974759           0           0           0           0           0           0           0           0   0.0462495    0.044212   -0.135197    0.110677  -0.0830125 6.15639e-07    0.175686
    102.157    -58.5964    -3.37364  -0.0786605     2.65762     6.65214     1.00285     3.73744    0.479102    0.799876   0.0293431     2.88596    -3.26909     0.92869    0.234551     0.37664    -0.52854   0.0462159
   -58.5964     36.0815     2.74439   0.0778284    -2.52685    -4.72826   -0.681654    -3.12967    -0.46678    -0.69353  -0.0293431    -0.94957     1.17973   -0.159777   0.0557366   -0.225647    0.407962  -0.0462159
   -3.37364     2.74439     14.6018 -0.00482802  -0.0107256    -5.86635    -1.22905   -0.546521     0.32018   -0.854314   0.0159979     1.95085    -1.31301    0.189686     0.30084     -0.2805   -0.249665   0.0971816
 -0.0786605   0.0778284 -0.00482802      0.1037           0           0           0           0           0           0           0           0           0           0           0           0           0           0
    2.65762    -2.52685  -0.0107256           0     1.02455    0.747815    0.301739    0.881292    0.301219    0.294929    0.126605           0           0           0           0           0           0           0
    6.65214    -4.72826    -5.86635           0    0.747815     4.38107    0.812043     1.12692   -0.143303    0.803343  -0.0668842           0           0           0           0           0           0           0
    1.00285   -0.681654    -1.22905           0    0.301739    0.812043    0.440653    0.159609    0.135148    0.253456     0.15748           0           0           0           0           0           0           0
    3.73744    -3.12967   -0.546521           0    0.881292     1.12692    0.159609     1.30652    0.182415    0.388438  -0.0708934           0           0           0           0           0           0           0
   0.479102    -0.46678     0.32018           0    0.301219   -0.143303    0.135148    0.182415    0.259423 0.000876871    0.150051           0           0           0           0           0           0           0
   0.799876    -0.69353   -0.854314           0    0.294929    0.803343    0.253456    0.388438 0.000876871    0.416434 5.94787e-07           0           0           0           0           0           0           0
  0.0293431  -0.0293431   0.0159979           0    0.126605  -0.0668842     0.15748  -0.0708934    0.150051 5.94787e-07    0.175686           0           0           0           0           0           0           0
    2.88596    -0.94957     1.95085           0           0           0           0           0           0           0           0     2.52971   -0.181409    0.453554    0.664654   -0.118275   0.0754316   0.0459396
   -3.26909     1.17973    -1.31301           0           0           0           0           0           0           0           0   -0.181409     2.28792   -0.595478    0.303333   0.0345763  -0.0506734   0.0444746
    0.92869   -0.159777    0.189686           0           0           0           0           0           0           0           0    0.453554   -0.595478    0.649406   0.0420747    0.233593     0.20231   -0.135243
   0.234551   0.0557366     0.30084           0           0           0           0           0           0           0           0    0.664654    0.303333   0.0420747    0.631534  -0.0808249    0.222146    0.110658
    0.37664   -0.225647     -0.2805           0           0           0           0           0           0           0           0   -0.118275   0.0345763    0.233593  -0.0808249    0.384387   -0.015396  -0.0828927
   -0.52854    0.407962   -0.249665           0           0           0           0           0           0           0           0   0.0754316  -0.0506734     0.20231    0.222146   -0.015396    0.434628 6.15597e-07
  0.0462159  -0.0462159   0.0971816           0           0           0           0           0           0           0           0   0.0459396   0.0444746   -0.135243    0.110658  -0.0828927 6.15597e-07    0.175686
    102.161    -58.5979    -3.36844   -0.078639     2.65753     6.65133     1.00156     3.73703    0.480093    0.798195    0.029271     2.88412    -3.27217    0.929994    0.234913     0.37698    -0.52661   0.0466637
   -58.5979     36.0808     2.74167   0.0778224    -2.52674    -4.72675   -0.680789    -3.12908   -0.467643   -0.692058   -0.029271    -0.94915     1.18161   -0.160306   0.0552626   -0.225475    0.407137  -0.0466637
   -3.36844     2.74167     14.6061 -0.00483223  -0.0097113    -5.86797    -1.22738   -0.548898    0.319765   -0.854874   0.0159359     1.95106    -1.31663    0.191572    0.300753   -0.280146   -0.248667   0.0968628
  -0.078639   0.0778224 -0.00483223      0.1037           0           0           0           0           0           0           0           0           0           0           0           0           0           0
    2.65753    -2.52674  -0.0097113           0     1.02479    0.746827    0.301457    0.881351    0.301663    0.294386    0.126541           0           0           0           0           0           0           0
    6.65133    -4.72675    -5.86797           0    0.746827     4.38193    0.811073     1.12797   -0.142903     0.80348  -0.0668251           0           0           0           0           0           0           0
    1.00156   -0.680789    -1.22738           0    0.301457    0.811073    0.440092    0.159871    0.135432    0.253234    0.157473           0           0           0           0           0           0           0
    3.73703    -3.12908   -0.548898           0    0.881351     1.12797    0.159871     1.30629    0.182614    0.388218  -0.0709804           0           0           0           0           0           0           0
   0.480093   -0.467643    0.319765           0    0.301663   -0.142903    0.135432    0.182614    0.259559 0.000880774        0.15           0           0           0           0           0           0           0
   0.798195   -0.692058   -0.854874           0    0.294386     0.80348    0.253234    0.388218 0.000880774    0.416435 5.94787e-07           0           0           0           0           0           0           0
   0.029271   -0.029271   0.0159359           0    0.126541  -0.0668251    0.157473  -0.0709804        0.15 5.94787e-07    0.175686           0           0           0           0           0           0           0
    2.88412    -0.94915     1.95106           0           0           0           0           0           0           0           0     2.52994   -0.181579    0.454669      0.6647   -0.117922   0.0759062   0.0456044
   -3.27217     1.18161    -1.31663           0           0           0           0           0           0           0           0   -0.181579     2.28843   -0.595413     0.30415   0.0341082  -0.0507806   0.0447577
   0.929994   -0.160306    0.191572           0           0           0           0           0           0           0           0    0.454669   -0.595413    0.649596   0.0420327       0.234    0.202189   -0.135291
   0.234913   0.0552626    0.300753           0           0           0           0           0           0           0           0      0.6647     0.30415   0.0420327    0.631899  -0.0809366    0.222402    0.110637
    0.37698   -0.225475   -0.280146           0           0           0           0           0           0           0           0   -0.117922   0.0341082       0.234  -0.0809366    0.384595  -0.0154054  -0.0827633
   -0.52661    0.407137   -0.248667           0           0           0           0           0           0           0           0   0.0759062  -0.0507806    0.202189    0.222402  -0.0154054     0.43459 6.15552e-07
  0.0466637  -0.0466637   0.0968628           0           0           0           0           0           0           0           0   0.0456044   0.0447577   -0.135291    0.110637  -0.0827633 6.15552e-07    0.175686
    102.165    -58.5996    -3.36296  -0.0786164     2.65745     6.65048     1.00021     3.73658    0.481139    0.796419   0.0291947     2.88216    -3.27543    0.931367    0.235292    0.377336   -0.524569   0.0471359
   -58.5996     36.0801     2.73879   0.0778162    -2.52661    -4.72515    -0.67988    -3.12844   -0.468555   -0.690502  -0.0291947   -0.948706      1.1836   -0.160864   0.0547629   -0.225293    0.406264  -0.0471359
   -3.36296     2.73879     14.6107 -0.00483667 -0.00864432    -5.86969    -1.22562    -0.55141    0.319326   -0.855464   0.0158709     1.95127    -1.32046    0.193563    0.300658   -0.279768   -0.247612   0.0965251
 -0.0786164   0.0778162 -0.00483667      0.1037           0           0           0           0           0           0           0           0           0           0           0           0           0           0
    2.65745    -2.52661 -0.00864432           0     1.02503    0.745785    0.301161    0.881411    0.302132    0.293813    0.126473           0           0           0           0           0           0           0
    6.65048    -4.72515    -5.86969           0    0.745785     4.38283     0.81005     1.12908   -0.142479    0.803624  -0.0667629           0           0           0           0           0           0           0
    1.00021    -0.67988    -1.22562           0    0.301161     0.81005    0.439503    0.160148    0.135731       0.253    0.157466           0           0           0           0           0           0           0
    3.73658    -3.12844    -0.55141           0    0.881411     1.12908    0.160148     1.30605    0.182824    0.387985  -0.0710723           0           0           0           0           0           0           0
   0.481139   -0.468555    0.319326           0    0.302132   -0.142479    0.135731    0.182824    0.259702 0.000884901    0.149947           0           0           0           0           0           0           0
   0.796419   -0.690502   -0.855464           0    0.293813    0.803624       0.253    0.387985 0.000884901    0.416436 5.94788e-07           0           0           0           0           0           0           0
  0.0291947  -0.0291947   0.0158709           0    0.126473  -0.0667629    0.157466  -0.0710723    0.149947 5.94788e-07    0.175686           0           0           0           0           0           0           0
    2.88216   -0.948706     1.95127           0           0           0           0           0           0           0           0     2.53017   -0.181758    0.455847    0.664746   -0.117545   0.0764073   0.0452499
   -3.27543      1.1836    -1.32046           0           0           0           0           0           0           0           0   -0.181758     2.28896   -0.595343    0.305014   0.0336137  -0.0508924   0.0450562
   0.931367   -0.160864    0.193563           0           0           0           0           0           0           0           0    0.455847   -0.595343    0.649796    0.041988    0.234429     0.20206   -0.135342
   0.235292   0.0547629    0.300658           0           0           0           0           0           0           0           0    0.664746    0.305014    0.041988    0.632286  -0.0810543    0.222671    0.110614
   0.377336   -0.225293   -0.279768           0           0           0           0           0           0           0           0   -0.117545   0.0336137    0.234429  -0.0810543    0.384814  -0.0154152  -0.0826266
  -0.524569    0.406264   -0.247612           0           0           0           0           0           0           0           0   0.0764073  -0.0508924     0.20206    0.222671  -0.0154152     0.43455 6.15504e-07
  0.0471359  -0.0471359   0.0965251           0           0           0           0           0           0           0           0   0.0452499   0.0450562   -0.135342    0.110614  -0.0826266 6.15504e-07    0.175686
    102.169    -58.6013    -3.35726  -0.0785929     2.65737      6.6496    0.998808     3.73612    0.482228    0.794572   0.0291154     2.88012    -3.27882    0.932792    0.235683    0.377706   -0.522441   0.0476265
   -58.6013     36.0793      2.7358   0.0778098    -2.52649    -4.72349    -0.67894    -3.12777   -0.469503   -0.688883  -0.0291154   -0.948243     1.18567   -0.161445    0.054244   -0.225101    0.405352  -0.0476265
   -3.35726      2.7358     14.6155 -0.00484128 -0.00753891    -5.87147    -1.22379   -0.554025    0.318867   -0.856074   0.0158037      1.9515    -1.32444    0.195634    0.300554   -0.279371   -0.246513   0.0961726
 -0.0785929   0.0778098 -0.00484128      0.1037           0           0           0           0           0           0           0           0           0           0           0           0           0           0
    2.65737    -2.52649 -0.00753891           0     1.02529    0.744701    0.300856    0.881472     0.30262    0.293216    0.126402           0           0           0           0           0           0           0
     6.6496    -4.72349    -5.87147           0    0.744701     4.38376    0.808987     1.13023   -0.142038    0.803771  -0.0666986           0           0           0           0           0           0           0
   0.998808    -0.67894    -1.22379           0    0.300856    0.808987    0.438891    0.160436    0.136043    0.252756    0.157458           0           0           0           0           0           0           0
    3.73612    -3.12777   -0.554025           0    0.881472     1.13023    0.160436     1.30581    0.183043    0.387743  -0.0711678           0           0           0           0           0           0           0
   0.482228   -0.469503    0.318867           0     0.30262   -0.142038    0.136043    0.183043    0.259852 0.000889197     0.14989           0           0           0           0           0           0           0
   0.794572   -0.688883   -0.856074           0    0.293216    0.803771    0.252756    0.387743 0.000889197    0.416436 5.94789e-07           0           0           0           0           0           0           0
  0.0291154  -0.0291154   0.0158037           0    0.126402  -0.0666986    0.157458  -0.0711678     0.14989 5.94789e-07    0.175686           0           0           0           0           0           0           0
    2.88012   -0.948243      1.9515           0           0           0           0           0           0           0           0     2.53041   -0.181944    0.457071    0.664793   -0.117152   0.0769284   0.0448804
   -3.27882     1.18567    -1.32444           0           0           0           0           0           0           0           0   -0.181944     2.28952   -0.595271    0.305915   0.0330989  -0.0510073   0.0453663
   0.932792   -0.161445    0.195634           0           0           0           0           0           0           0           0    0.457071   -0.595271    0.650004   0.0419411    0.234876    0.201927   -0.135395
   0.235683    0.054244    0.300554           0           0           0           0           0           0           0           0    0.664793    0.305915   0.0419411    0.632688  -0.0811765    0.222952    0.110591
   0.377706   -0.225101   -0.279371           0           0           0           0           0           0           0           0   -0.117152   0.0330989    0.234876  -0.0811765    0.385041  -0.0154253  -0.0824844
  -0.522441    0.405352   -0.246513           0           0           0           0           0           0           0           0   0.0769284  -0.0510073    0.201927    0.222952  -0.0154253    0.434508 6.15455e-07
  0.0476265  -0.0476265   0.0961726           0           0           0           0           0           0           0           0   0.0448804   0.0453663   -0.135395    0.110591  -0.0824844 6.15455e-07    0.175686
    102.173    -58.6031    -3.35139  -0.0785688     2.65729      6.6487    0.997371     3.73564     0.48335     0.79267   0.0290338     2.87802    -3.28232    0.934256    0.236083    0.378084   -0.520245   0.0481308
   -58.6031     36.0785     2.73273   0.0778034    -2.52635    -4.72179   -0.677977    -3.12708   -0.470479   -0.687216  -0.0290338   -0.947765     1.18781   -0.162043   0.0537108   -0.224901    0.404409  -0.0481308
   -3.35139     2.73273     14.6204 -0.00484602 -0.00640584     -5.8733    -1.22191   -0.556718    0.318392   -0.856701   0.0157349     1.95172    -1.32855    0.197765    0.300442   -0.278959   -0.245379   0.0958083
 -0.0785688   0.0778034 -0.00484602      0.1037           0           0           0           0           0           0           0           0           0           0           0           0           0           0
    2.65729    -2.52635 -0.00640584           0     1.02556    0.743587    0.300544    0.881532    0.303122    0.292601    0.126328           0           0           0           0           0           0           0
     6.6487    -4.72179     -5.8733           0    0.743587     4.38472    0.807893     1.13142   -0.141582    0.803921  -0.0666327           0           0           0           0           0           0           0
   0.997371   -0.677977    -1.22191           0    0.300544    0.807893    0.438264    0.160732    0.136365    0.252505     0.15745           0           0           0           0           0           0           0
    3.73564    -3.12708   -0.556718           0    0.881532     1.13142    0.160732     1.30555    0.183268    0.387494  -0.0712663           0           0           0           0           0           0           0
    0.48335   -0.470479    0.318392           0    0.303122   -0.141582    0.136365    0.183268    0.260006 0.000893625    0.149833           0           0           0           0           0           0           0
    0.79267   -0.687216   -0.856701           0    0.292601    0.803921    0.252505    0.387494 0.000893625    0.416437  5.9479e-07           0           0           0           0           0           0           0
  0.0290338  -0.0290338   0.0157349           0    0.126328  -0.0666327     0.15745  -0.0712663    0.149833  5.9479e-07    0.175686           0           0           0           0           0           0           0
    2.87802   -0.947765     1.95172           0           0           0           0           0           0           0           0     2.53066   -0.182133    0.458331     0.66484   -0.116743   0.0774647   0.0444994
   -3.28232     1.18781    -1.32855           0           0           0           0           0           0           0           0   -0.182133      2.2901   -0.595195    0.306844   0.0325685  -0.0511239   0.0456849
   0.934256   -0.162043    0.197765           0           0           0           0           0           0           0           0    0.458331   -0.595195    0.650219   0.0418924    0.235336    0.201789   -0.135449
   0.236083   0.0537108    0.300442           0           0           0           0           0           0           0           0     0.66484    0.306844   0.0418924    0.633102  -0.0813021    0.223241    0.110567
   0.378084   -0.224901   -0.278959           0           0           0           0           0           0           0           0   -0.116743   0.0325685    0.235336  -0.0813021    0.385275  -0.0154356   -0.082338
  -0.520245    0.404409   -0.245379           0           0           0           0           0           0           0           0   0.0774647  -0.0511239    0.201789    0.223241  -0.0154356    0.434465 6.15404e-07
  0.0481308  -0.0481308   0.0958083           0           0           0           0           0           0           0           0   0.0444994   0.0456849   -0.135449    0.110567   -0.082338 6.15404e-07    0.175686
    102.178    -58.6049    -3.34541  -0.0785443     2.65721      6.6478     0.99591     3.73515    0.484496    0.790725   0.0289504     2.87586    -3.28591    0.935747    0.236488    0.378469   -0.517996   0.0486454
   -58.6049     36.0777     2.72959   0.0777968    -2.52622    -4.72005      -0.677    -3.12637   -0.471476   -0.685511  -0.0289504   -0.947274     1.19001   -0.162654   0.0531668   -0.224696    0.403442  -0.0486454
   -3.34541     2.72959     14.6254 -0.00485085 -0.00525318    -5.87517    -1.21999   -0.559472    0.317906   -0.857338   0.0156652     1.95194    -1.33275    0.199943    0.300323   -0.278534    -0.24422   0.0954348
 -0.0785443   0.0777968 -0.00485085      0.1037           0           0           0           0           0           0           0           0           0           0           0           0           0           0
    2.65721    -2.52622 -0.00525318           0     1.02584     0.74245    0.300229     0.88159    0.303634    0.291972    0.126253           0           0           0           0           0           0           0
