-0.125663	0.136126	-0.585025	0	0	0	0	0	0	0	0	0.426474	0.9331	-0.0178019	0.852416	-0.102665	0.357523	0.0769512	
0.0417492	0.0596289	0.235129	0	0	0	0	0	0	0	0	0.333833	-0.200781	0.456844	-0.102665	0.45552	-0.00965833	-0.0149104	
0.63446	-0.240105	0.124509	0	0	0	0	0	0	0	0	0.208176	0.0769333	0.110673	0.357523	-0.00965833	0.418582	5.97705e-07	
0.131726	-0.131726	-0.109227	0	0	0	0	0	0	0	0	-0.123997	0.121104	-0.115243	0.0769512	-0.0149104	5.97705e-07	0.175686	
102.17	-57.6393	-3.40273	-0.136844	2.54811	8.12949	1.02861	3.33733	0.998729	0.186518	0.0513522	-0.966718	-4.82747	0.15117	-0.131308	0.0397642	0.635178	0.131767	
-57.6393	34.1546	2.62172	0.125332	-1.69157	-5.02861	-0.756675	-2.15733	-0.74558	-0.116905	-0.0513522	0.66102	2.66123	0.0992757	0.138749	0.060957	-0.241064	-0.131767	
-3.40273	2.62172	17.6353	0.0027832	0.00583402	-6.2937	-0.627451	-1.81169	-0.141775	-0.82435	0.0462709	1.25572	-3.7727	0.836208	-0.59003	0.236537	0.124124	-0.109485	
-0.136844	0.125332	0.0027832	0.1037	0	0	0	0	0	0	0	0	0	0	0	0	0	0	
2.54811	-1.69157	0.00583402	0	1.06904	0.417036	0.370175	0.657458	0.483313	0.00095865	0.0756343	0	0	0	0	0	0	0	
8.12949	-5.02861	-6.2937	0	0.417036	4.44417	0.475712	1.6118	0.192221	0.668381	-0.0818806	0	0	0	0	0	0	0	
1.02861	-0.756675	-0.627451	0	0.370175	0.475712	0.35373	0.27408	0.307067	0.123292	0.121258	0	0	0	0	0	0	0	
3.33733	-2.15733	-1.81169	0	0.657458	1.6118	0.27408	1.11883	0.272485	0.266879	-0.121794	0	0	0	0	0	0	0	
0.998729	-0.74558	-0.141775	0	0.483313	0.192221	0.307067	0.272485	0.354811	0.00310656	0.108522	0	0	0	0	0	0	0	
0.186518	-0.116905	-0.82435	0	0.00095865	0.668381	0.123292	0.266879	0.00310656	0.416591	5.95041e-07	0	0	0	0	0	0	0	
0.0513522	-0.0513522	0.0462709	0	0.0756343	-0.0818806	0.121258	-0.121794	0.108522	5.95041e-07	0.175686	0	0	0	0	0	0	0	
-0.966718	0.66102	1.25572	0	0	0	0	0	0	0	0	2.1987	-0.24257	0.950105	0.425047	0.335388	0.207998	-0.12419	
-4.82747	2.66123	-3.7727	0	0	0	0	0	0	0	0	-0.24257	2.92814	-0.493475	0.93529	-0.201154	0.0777918	0.121071	
0.15117	0.0992757	0.836208	0	0	0	0	0	0	0	0	0.950105	-0.493475	0.760305	-0.017992	0.457341	0.110376	-0.115044	
-0.131308	0.138749	-0.59003	0	0	0	0	0	0	0	0	0.425047	0.93529	-0.017992	0.853044	-0.102594	0.357886	0.0768084	
0.0397642	0.060957	0.236537	0	0	0	0	0	0	0	0	0.335388	-0.201154	0.457341	-0.102594	0.455594	-0.00961895	-0.0147273	
0.635178	-0.241064	0.124124	0	0	0	0	0	0	0	0	0.207998	0.0777918	0.110376	0.357886	-0.00961895	0.418555	5.97673e-07	
0.131767	-0.131767	-0.109485	0	0	0	0	0	0	0	0	-0.12419	0.121071	-0.115044	0.0768084	-0.0147273	5.97673e-07	0.175686	
102.182	-57.6508	-3.3926	-0.136855	2.5488	8.12851	1.02904	3.33622	1.00049	0.18418	0.0512505	-0.978434	-4.83471	0.145797	-0.136964	0.0377669	0.635874	0.131807	
-57.6508	34.1658	2.61431	0.125346	-1.69122	-5.02852	-0.757068	-2.15618	-0.746597	-0.115343	-0.0512505	0.666415	2.66715	0.101788	0.141383	0.0622903	-0.242013	-0.131807	
-3.3926	2.61431	17.645	0.0027854	0.00459459	-6.2937	-0.626899	-1.81442	-0.143598	-0.823227	0.0465311	1.25141	-3.78056	0.835924	-0.595044	0.237938	0.123728	-0.109738	
-0.136855	0.125346	0.0027854	0.1037	0	0	0	0	0	0	0	0	0	0	0	0	0	0	
2.5488	-1.69122	0.00459459	0	1.06873	0.416764	0.370672	0.656323	0.483572	0.000320999	0.0754752	0	0	0	0	0	0	0	
8.12851	-5.02852	-6.2937	0	0.416764	4.44339	0.475433	1.61258	0.193367	0.667411	-0.082055	0	0	0	0	0	0	0	
1.02904	-0.757068	-0.626899	0	0.370672	0.475433	0.353945	0.27426	0.307561	0.122939	0.121076	0	0	0	0	0	0	0	
3.33622	-2.15618	-1.81442	0	0.656323	1.61258	0.27426	1.11812	0.272637	0.266539	-0.121937	0	0	0	0	0	0	0	
1.00049	-0.746597	-0.143598	0	0.483572	0.193367	0.307561	0.272637	0.355119	0.00311347	0.108362	0	0	0	0	0	0	0	
0.18418	-0.115343	-0.823227	0	0.000320999	0.667411	0.122939	0.266539	0.00311347	0.416591	5.95041e-07	0	0	0	0	0	0	0	
0.0512505	-0.0512505	0.0465311	0	0.0754752	-0.082055	0.121076	-0.121937	0.108362	5.95041e-07	0.175686	0	0	0	0	0	0	0	
-0.978434	0.666415	1.25141	0	0	0	0	0	0	0	0	2.19638	-0.242827	0.950902	0.423617	0.33694	0.207816	-0.124381	
-4.83471	2.66715	-3.78056	0	0	0	0	0	0	0	0	-0.242827	2.93096	-0.492944	0.937482	-0.201524	0.0786528	0.121037	
0.145797	0.101788	0.835924	0	0	0	0	0	0	0	0	0.950902	-0.492944	0.760502	-0.0181815	0.457836	0.110079	-0.114845	
-0.136964	0.141383	-0.595044	0	0	0	0	0	0	0	0	0.423617	0.937482	-0.0181815	0.853673	-0.102523	0.358248	0.0766654	
0.0377669	0.0622903	0.237938	0	0	0	0	0	0	0	0	0.33694	-0.201524	0.457836	-0.102523	0.455668	-0.00957949	-0.0145443	
0.635874	-0.242013	0.123728	0	0	0	0	0	0	0	0	0.207816	0.0786528	0.110079	0.358248	-0.00957949	0.418529	5.97641e-07	
0.131807	-0.131807	-0.109738	0	0	0	0	0	0	0	0	-0.124381	0.121037	-0.114845	0.0766654	-0.0145443	5.97641e-07	0.175686	
102.193	-57.6623	-3.38247	-0.136866	2.5495	8.12753	1.02948	3.3351	1.00226	0.181843	0.0511489	-0.990141	-4.84193	0.140405	-0.142634	0.0357572	0.636549	0.131844	
-57.6623	34.1769	2.60689	0.125359	-1.69088	-5.02845	-0.757464	-2.15504	-0.747613	-0.113782	-0.0511489	0.671807	2.67306	0.104309	0.144027	0.0636289	-0.242951	-0.131844	
-3.38247	2.60689	17.6547	0.00278761	0.00334959	-6.29369	-0.626353	-1.81715	-0.145422	-0.822098	0.0467922	1.24709	-3.78842	0.835622	-0.600068	0.239331	0.123321	-0.109988	
-0.136866	0.125359	0.00278761	0.1037	0	0	0	0	0	0	0	0	0	0	0	0	0	0	
2.5495	-1.69088	0.00334959	0	1.06843	0.416496	0.371169	0.655186	0.483829	-0.000314761	0.0753162	0	0	0	0	0	0	0	
8.12753	-5.02845	-6.29369	0	0.416496	4.4426	0.475158	1.61336	0.194512	0.666438	-0.0822299	0	0	0	0	0	0	0	
1.02948	-0.757464	-0.626353	0	0.371169	0.475158	0.354162	0.274438	0.308056	0.122587	0.120893	0	0	0	0	0	0	0	
3.3351	-2.15504	-1.81715	0	0.655186	1.61336	0.274438	1.11741	0.272789	0.266199	-0.122079	0	0	0	0	0	0	0	
1.00226	-0.747613	-0.145422	0	0.483829	0.194512	0.308056	0.272789	0.355427	0.00312038	0.108202	0	0	0	0	0	0	0	
0.181843	-0.113782	-0.822098	0	-0.000314761	0.666438	0.122587	0.266199	0.00312038	0.416592	5.95042e-07	0	0	0	0	0	0	0	
0.0511489	-0.0511489	0.0467922	0	0.0753162	-0.0822299	0.120893	-0.122079	0.108202	5.95042e-07	0.175686	0	0	0	0	0	0	0	
-0.990141	0.671807	1.24709	0	0	0	0	0	0	0	0	2.19404	-0.243083	0.951694	0.422185	0.33849	0.207631	-0.12457	
-4.84193	2.67306	-3.78842	0	0	0	0	0	0	0	0	-0.243083	2.93378	-0.492411	0.939674	-0.201891	0.0795161	0.121001	
0.140405	0.104309	0.835622	0	0	0	0	0	0	0	0	0.951694	-0.492411	0.760697	-0.0183707	0.45833	0.109781	-0.114644	
-0.142634	0.144027	-0.600068	0	0	0	0	0	0	0	0	0.422185	0.939674	-0.0183707	0.854301	-0.102451	0.358611	0.0765222	
0.0357572	0.0636289	0.239331	0	0	0	0	0	0	0	0	0.33849	-0.201891	0.45833	-0.102451	0.455741	-0.00953995	-0.0143613	
0.636549	-0.242951	0.123321	0	0	0	0	0	0	0	0	0.207631	0.0795161	0.109781	0.358611	-0.00953995	0.418502	5.97609e-07	
0.131844	-0.131844	-0.109988	0	0	0	0	0	0	0	0	-0.12457	0.121001	-0.114644	0.0765222	-0.0143613	5.97609e-07	0.175686	
102.205	-57.6738	-3.37233	-0.136876	2.5502	8.12655	1.02992	3.33397	1.00402	0.179507	0.0510474	-1.00184	-4.84914	0.134995	-0.148316	0.0337351	0.637203	0.131878	
-57.6738	34.1881	2.59946	0.125373	-1.69054	-5.02837	-0.757863	-2.15389	-0.748628	-0.112224	-0.0510474	0.677197	2.67897	0.10684	0.146682	0.0649728	-0.243879	-0.131878	
-3.37233	2.59946	17.6645	0.00278983	0.00209896	-6.29367	-0.625814	-1.81988	-0.147247	-0.820963	0.0470542	1.24275	-3.79628	0.835303	-0.605103	0.240716	0.122902	-0.110235	
-0.136876	0.125373	0.00278983	0.1037	0	0	0	0	0	0	0	0	0	0	0	0	0	0	
2.5502	-1.69054	0.00209896	0	1.06811	0.416231	0.371666	0.654048	0.484085	-0.000948651	0.0751572	0	0	0	0	0	0	0	
8.12655	-5.02837	-6.29367	0	0.416231	4.44181	0.474886	1.61414	0.195658	0.665463	-0.0824056	0	0	0	0	0	0	0	
1.02992	-0.757863	-0.625814	0	0.371666	0.474886	0.354381	0.274615	0.30855	0.122234	0.12071	0	0	0	0	0	0	0	
3.33397	-2.15389	-1.81988	0	0.654048	1.61414	0.274615	1.1167	0.272939	0.265859	-0.122222	0	0	0	0	0	0	0	
1.00402	-0.748628	-0.147247	0	0.484085	0.195658	0.30855	0.272939	0.355736	0.0031273	0.108041	0	0	0	0	0	0	0	
0.179507	-0.112224	-0.820963	0	-0.000948651	0.665463	0.122234	0.265859	0.0031273	0.416592	5.95043e-07	0	0	0	0	0	0	0	
0.0510474	-0.0510474	0.0470542	0	0.0751572	-0.0824056	0.12071	-0.122222	0.108041	5.95043e-07	0.175686	0	0	0	0	0	0	0	
-1.00184	0.677197	1.24275	0	0	0	0	0	0	0	0	2.1917	-0.24334	0.95248	0.42075	0.340039	0.207442	-0.124755	
-4.84914	2.67897	-3.79628	0	0	0	0	0	0	0	0	-0.24334	2.93661	-0.491875	0.941869	-0.202255	0.0803819	0.120964	
0.134995	0.10684	0.835303	0	0	0	0	0	0	0	0	0.95248	-0.491875	0.760891	-0.0185594	0.458822	0.109484	-0.114443	
-0.148316	0.146682	-0.605103	0	0	0	0	0	0	0	0	0.42075	0.941869	-0.0185594	0.85493	-0.102378	0.358973	0.0763787	
0.0337351	0.0649728	0.240716	0	0	0	0	0	0	0	0	0.340039	-0.202255	0.458822	-0.102378	0.455813	-0.00950032	-0.0141784	
0.637203	-0.243879	0.122902	0	0	0	0	0	0	0	0	0.207442	0.0803819	0.109484	0.358973	-0.00950032	0.418476	5.97577e-07	
0.131878	-0.131878	-0.110235	0	0	0	0	0	0	0	0	-0.124755	0.120964	-0.114443	0.0763787	-0.0141784	5.97577e-07	0.175686	
102.217	-57.6853	-3.36217	-0.136887	2.5509	8.12556	1.03037	3.33284	1.00578	0.177173	0.0509459	-1.01352	-4.85633	0.129567	-0.15401	0.0317006	0.637836	0.131911	
-57.6853	34.1993	2.59202	0.125386	-1.6902	-5.0283	-0.758267	-2.15275	-0.749642	-0.110667	-0.0509459	0.682584	2.68489	0.109382	0.149348	0.0663221	-0.244796	-0.131911	
-3.36217	2.59202	17.6742	0.00279205	0.000842741	-6.29365	-0.625281	-1.82259	-0.149074	-0.819823	0.0473169	1.23841	-3.80414	0.834968	-0.610147	0.242094	0.122472	-0.110477	
-0.136887	0.125386	0.00279205	0.1037	0	0	0	0	0	0	0	0	0	0	0	0	0	0	
2.5509	-1.6902	0.000842741	0	1.0678	0.415969	0.372163	0.652908	0.484339	-0.00158066	0.0749983	0	0	0	0	0	0	0	
8.12556	-5.0283	-6.29365	0	0.415969	4.44101	0.474618	1.6149	0.196804	0.664484	-0.0825819	0	0	0	0	0	0	0	
1.03037	-0.758267	-0.625281	0	0.372163	0.474618	0.354601	0.274792	0.309043	0.121882	0.120526	0	0	0	0	0	0	0	
3.33284	-2.15275	-1.82259	0	0.652908	1.6149	0.274792	1.11599	0.273089	0.265519	-0.122365	0	0	0	0	0	0	0	
1.00578	-0.749642	-0.149074	0	0.484339	0.196804	0.309043	0.273089	0.356044	0.00313423	0.10788	0	0	0	0	0	0	0	
0.177173	-0.110667	-0.819823	0	-0.00158066	0.664484	0.121882	0.265519	0.00313423	0.416592	5.95043e-07	0	0	0	0	0	0	0	
0.0509459	-0.0509459	0.0473169	0	0.0749983	-0.0825819	0.120526	-0.122365	0.10788	5.95043e-07	0.175686	0	0	0	0	0	0	0	
-1.01352	0.682584	1.23841	0	0	0	0	0	0	0	0	2.18935	-0.243596	0.95326	0.419312	0.341585	0.20725	-0.124938	
-4.85633	2.68489	-3.80414	0	0	0	0	0	0	0	0	-0.243596	2.93944	-0.491337	0.944065	-0.202616	0.0812502	0.120926	
0.129567	0.109382	0.834968	0	0	0	0	0	0	0	0	0.95326	-0.491337	0.761083	-0.0187477	0.459313	0.109186	-0.114241	
-0.15401	0.149348	-0.610147	0	0	0	0	0	0	0	0	0.419312	0.944065	-0.0187477	0.855558	-0.102305	0.359335	0.0762351	
0.0317006	0.0663221	0.242094	0	0	0	0	0	0	0	0	0.341585	-0.202616	0.459313	-0.102305	0.455884	-0.00946062	-0.0139954	
0.637836	-0.244796	0.122472	0	0	0	0	0	0	0	0	0.20725	0.0812502	0.109186	0.359335	-0.00946062	0.41845	5.97545e-07	
0.131911	-0.131911	-0.110477	0	0	0	0	0	0	0	0	-0.124938	0.120926	-0.114241	0.0762351	-0.0139954	5.97545e-07	0.175686	
102.229	-57.6967	-3.35201	-0.136898	2.5516	8.12457	1.03082	3.3317	1.00754	0.17484	0.0508445	-1.0252	-4.86351	0.12412	-0.159717	0.0296538	0.638447	0.131941	
-57.6967	34.2104	2.58456	0.1254	-1.68986	-5.02823	-0.758673	-2.1516	-0.750656	-0.109112	-0.0508445	0.687969	2.6908	0.111932	0.152025	0.0676765	-0.245703	-0.131941	
-3.35201	2.58456	17.6839	0.00279429	-0.000418988	-6.29362	-0.624755	-1.8253	-0.150902	-0.818677	0.0475805	1.23405	-3.81199	0.834615	-0.615201	0.243463	0.122031	-0.110715	
-0.136898	0.1254	0.00279429	0.1037	0	0	0	0	0	0	0	0	0	0	0	0	0	0	
2.5516	-1.68986	-0.000418988	0	1.06748	0.415711	0.372661	0.651767	0.484591	-0.00221075	0.0748393	0	0	0	0	0	0	0	
8.12457	-5.02823	-6.29362	0	0.415711	4.44021	0.474353	1.61567	0.19795	0.663502	-0.0827588	0	0	0	0	0	0	0	
1.03082	-0.758673	-0.624755	0	0.372661	0.474353	0.354823	0.274967	0.309537	0.121531	0.120342	0	0	0	0	0	0	0	
3.3317	-2.1516	-1.8253	0	0.651767	1.61567	0.274967	1.11528	0.273238	0.265179	-0.122508	0	0	0	0	0	0	0	
1.00754	-0.750656	-0.150902	0	0.484591	0.19795	0.309537	0.273238	0.356353	0.00314117	0.107719	0	0	0	0	0	0	0	
0.17484	-0.109112	-0.818677	0	-0.00221075	0.663502	0.121531	0.265179	0.00314117	0.416593	5.95044e-07	0	0	0	0	0	0	0	
0.0508445	-0.0508445	0.0475805	0	0.0748393	-0.0827588	0.120342	-0.122508	0.107719	5.95044e-07	0.175686	0	0	0	0	0	0	0	
-1.0252	0.687969	1.23405	0	0	0	0	0	0	0	0	2.18699	-0.243853	0.954034	0.417871	0.343129	0.207055	-0.125118	
-4.86351	2.6908	-3.81199	0	0	0	0	0	0	0	0	-0.243853	2.94228	-0.490797	0.946261	-0.202974	0.0821209	0.120886	
0.12412	0.111932	0.834615	0	0	0	0	0	0	0	0	0.954034	-0.490797	0.761272	-0.0189355	0.459803	0.108889	-0.114037	
-0.159717	0.152025	-0.615201	0	0	0	0	0	0	0	0	0.417871	0.946261	-0.0189355	0.856185	-0.10223	0.359697	0.0760912	
0.0296538	0.0676765	0.243463	0	0	0	0	0	0	0	0	0.343129	-0.202974	0.459803	-0.10223	0.455955	-0.00942084	-0.0138126	
0.638447	-0.245703	0.122031	0	0	0	0	0	0	0	0	0.207055	0.0821209	0.108889	0.359697	-0.00942084	0.418424	5.97513e-07	
0.131941	-0.131941	-0.110715	0	0	0	0	0	0	0	0	-0.125118	0.120886	-0.114037	0.0760912	-0.0138126	5.97513e-07	0.175686	
102.24	-57.7081	-3.34183	-0.136908	2.5523	8.12357	1.03129	3.33055	1.0093	0.172509	0.0507432	-1.03686	-4.87068	0.118656	-0.165436	0.0275947	0.639037	0.131968	
-57.7081	34.2216	2.5771	0.125413	-1.68952	-5.02817	-0.759083	-2.15044	-0.751669	-0.107559	-0.0507432	0.69335	2.69672	0.114492	0.154712	0.0690362	-0.246599	-0.131968	
-3.34183	2.5771	17.6936	0.00279653	-0.00168621	-6.29358	-0.624235	-1.82799	-0.152732	-0.817525	0.0478449	1.22968	-3.81985	0.834246	-0.620264	0.244824	0.121578	-0.110949	
-0.136908	0.125413	0.00279653	0.1037	0	0	0	0	0	0	0	0	0	0	0	0	0	0	
2.5523	-1.68952	-0.00168621	0	1.06715	0.415456	0.373158	0.650624	0.484842	-0.00283893	0.0746804	0	0	0	0	0	0	0	
8.12357	-5.02817	-6.29358	0	0.415456	4.4394	0.474092	1.61642	0.199096	0.662518	-0.0829363	0	0	0	0	0	0	0	
1.03129	-0.759083	-0.624235	0	0.373158	0.474092	0.355046	0.275141	0.31003	0.121179	0.120158	0	0	0	0	0	0	0	
3.33055	-2.15044	-1.82799	0	0.650624	1.61642	0.275141	1.11456	0.273386	0.264839	-0.12265	0	0	0	0	0	0	0	
1.0093	-0.751669	-0.152732	0	0.484842	0.199096	0.31003	0.273386	0.356662	0.00314811	0.107558	0	0	0	0	0	0	0	
0.172509	-0.107559	-0.817525	0	-0.00283893	0.662518	0.121179	0.264839	0.00314811	0.416593	5.95045e-07	0	0	0	0	0	0	0	
0.0507432	-0.0507432	0.0478449	0	0.0746804	-0.0829363	0.120158	-0.12265	0.107558	5.95045e-07	0.175686	0	0	0	0	0	0	0	
-1.03686	0.69335	1.22968	0	0	0	0	0	0	0	0	2.18462	-0.244109	0.954802	0.416428	0.344671	0.206856	-0.125295	
-4.87068	2.69672	-3.81985	0	0	0	0	0	0	0	0	-0.244109	2.94512	-0.490254	0.948459	-0.20333	0.082994	0.120844	
0.118656	0.114492	0.834246	0	0	0	0	0	0	0	0	0.954802	-0.490254	0.76146	-0.0191228	0.460291	0.108591	-0.113834	
-0.165436	0.154712	-0.620264	0	0	0	0	0	0	0	0	0.416428	0.948459	-0.0191228	0.856813	-0.102155	0.360059	0.0759471	
0.0275947	0.0690362	0.244824	0	0	0	0	0	0	0	0	0.344671	-0.20333	0.460291	-0.102155	0.456025	-0.00938098	-0.0136297	
0.639037	-0.246599	0.121578	0	0	0	0	0	0	0	0	0.206856	0.082994	0.108591	0.360059	-0.00938098	0.418398	5.97482e-07	
0.131968	-0.131968	-0.110949	0	0	0	0	0	0	0	0	-0.125295	0.120844	-0.113834	0.0759471	-0.0136297	5.97482e-07	0.175686	
102.252	-57.7195	-3.33164	-0.136919	2.553	8.12257	1.03175	3.32939	1.01106	0.170179	0.050642	-1.04852	-4.87783	0.113174	-0.171166	0.0255233	0.639606	0.131993	
-57.7195	34.2329	2.56963	0.125426	-1.68918	-5.02811	-0.759497	-2.14929	-0.75268	-0.106008	-0.050642	0.698729	2.70263	0.117062	0.157409	0.0704012	-0.247485	-0.131993	
-3.33164	2.56963	17.7034	0.00279878	-0.00295892	-6.29354	-0.623722	-1.83068	-0.154563	-0.816368	0.04811	1.2253	-3.82771	0.83386	-0.625337	0.246177	0.121114	-0.111179	
-0.136919	0.125426	0.00279878	0.1037	0	0	0	0	0	0	0	0	0	0	0	0	0	0	
2.553	-1.68918	-0.00295892	0	1.06683	0.415204	0.373655	0.64948	0.485091	-0.00346518	0.0745216	0	0	0	0	0	0	0	
8.12257	-5.02811	-6.29354	0	0.415204	4.43859	0.473834	1.61718	0.200242	0.66153	-0.0831144	0	0	0	0	0	0	0	
1.03175	-0.759497	-0.623722	0	0.373655	0.473834	0.355271	0.275314	0.310524	0.120828	0.119974	0	0	0	0	0	0	0	
3.32939	-2.14929	-1.83068	0	0.64948	1.61718	0.275314	1.11385	0.273533	0.264499	-0.122793	0	0	0	0	0	0	0	
1.01106	-0.75268	-0.154563	0	0.485091	0.200242	0.310524	0.273533	0.35697	0.00315506	0.107396	0	0	0	0	0	0	0	
0.170179	-0.106008	-0.816368	0	-0.00346518	0.66153	0.120828	0.264499	0.00315506	0.416594	5.95046e-07	0	0	0	0	0	0	0	
0.050642	-0.050642	0.04811	0	0.0745216	-0.0831144	0.119974	-0.122793	0.107396	5.95046e-07	0.175686	0	0	0	0	0	0	0	
-1.04852	0.698729	1.2253	0	0	0	0	0	0	0	0	2.18224	-0.244366	0.955564	0.414982	0.346211	0.206653	-0.12547	
-4.87783	2.70263	-3.82771	0	0	0	0	0	0	0	0	-0.244366	2.94796	-0.489709	0.950659	-0.203682	0.0838694	0.120801	
0.113174	0.117062	0.83386	0	0	0	0	0	0	0	0	0.955564	-0.489709	0.761646	-0.0193097	0.460777	0.108294	-0.113629	
-0.171166	0.157409	-0.625337	0	0	0	0	0	0	0	0	0.414982	0.950659	-0.0193097	0.857441	-0.102079	0.360421	0.0758028	
0.0255233	0.0704012	0.246177	0	0	0	0	0	0	0	0	0.346211	-0.203682	0.460777	-0.102079	0.456094	-0.00934105	-0.013447	
0.639606	-0.247485	0.121114	0	0	0	0	0	0	0	0	0.206653	0.0838694	0.108294	0.360421	-0.00934105	0.418372	5.9745e-07	
0.131993	-0.131993	-0.111179	0	0	0	0	0	0	0	0	-0.12547	0.120801	-0.113629	0.0758028	-0.013447	5.9745e-07	0.175686	
102.263	-57.7309	-3.32145	-0.13693	2.55371	8.12157	1.03223	3.32822	1.01281	0.167851	0.0505408	-1.06016	-4.88496	0.107674	-0.176908	0.0234395	0.640154	0.132016	
-57.7309	34.2441	2.56215	0.12544	-1.68884	-5.02805	-0.759913	-2.14814	-0.753691	-0.104459	-0.0505408	0.704104	2.70855	0.119641	0.160117	0.0717714	-0.24836	-0.132016	
-3.32145	2.56215	17.7131	0.00280105	-0.00423715	-6.29349	-0.623215	-1.83336	-0.156395	-0.815205	0.048376	1.22092	-3.83556	0.833456	-0.63042	0.247521	0.120638	-0.111406	
-0.13693	0.12544	0.00280105	0.1037	0	0	0	0	0	0	0	0	0	0	0	0	0	0	
2.55371	-1.68884	-0.00423715	0	1.0665	0.414956	0.374152	0.648334	0.485338	-0.00408953	0.0743628	0	0	0	0	0	0	0	
8.12157	-5.02805	-6.29349	0	0.414956	4.43777	0.47358	1.61793	0.201387	0.660539	-0.0832932	0	0	0	0	0	0	0	
1.03223	-0.759913	-0.623215	0	0.374152	0.47358	0.355497	0.275486	0.311017	0.120477	0.119789	0	0	0	0	0	0	0	
3.32822	-2.14814	-1.83336	0	0.648334	1.61793	0.275486	1.11313	0.273679	0.26416	-0.122936	0	0	0	0	0	0	0	
1.01281	-0.753691	-0.156395	0	0.485338	0.201387	0.311017	0.273679	0.357279	0.00316202	0.107234	0	0	0	0	0	0	0	
0.167851	-0.104459	-0.815205	0	-0.00408953	0.660539	0.120477	0.26416	0.00316202	0.416594	5.95046e-07	0	0	0	0	0	0	0	
0.0505408	-0.0505408	0.048376	0	0.0743628	-0.0832932	0.119789	-0.122936	0.107234	5.95046e-07	0.175686	0	0	0	0	0	0	0	
-1.06016	0.704104	1.22092	0	0	0	0	0	0	0	0	2.17986	-0.244622	0.95632	0.413533	0.347749	0.206448	-0.125641	
-4.88496	2.70855	-3.83556	0	0	0	0	0	0	0	0	-0.244622	2.95081	-0.489162	0.952859	-0.204031	0.0847473	0.120757	
0.107674	0.119641	0.833456	0	0	0	0	0	0	0	0	0.95632	-0.489162	0.76183	-0.0194961	0.461262	0.107996	-0.113423	
-0.176908	0.160117	-0.63042	0	0	0	0	0	0	0	0	0.413533	0.952859	-0.0194961	0.858068	-0.102002	0.360782	0.0756584	
0.0234395	0.0717714	0.247521	0	0	0	0	0	0	0	0	0.347749	-0.204031	0.461262	-0.102002	0.456163	-0.00930104	-0.0132642	
0.640154	-0.24836	0.120638	0	0	0	0	0	0	0	0	0.206448	0.0847473	0.107996	0.360782	-0.00930104	0.418347	5.97419e-07	
0.132016	-0.132016	-0.111406	0	0	0	0	0	0	0	0	-0.125641	0.120757	-0.113423	0.0756584	-0.0132642	5.97419e-07	0.175686	
102.275	-57.7422	-3.31124	-0.13694	2.55441	8.12056	1.0327	3.32705	1.01457	0.165524	0.0504397	-1.07179	-4.89208	0.102156	-0.182662	0.0213436	0.64068	0.132036	
-57.7422	34.2553	2.55467	0.125453	-1.6885	-5.028	-0.760334	-2.14698	-0.754701	-0.102912	-0.0504397	0.709476	2.71446	0.12223	0.162835	0.0731469	-0.249224	-0.132036	
-3.31124	2.55467	17.7228	0.00280332	-0.00552088	-6.29344	-0.622715	-1.83603	-0.158228	-0.814037	0.0486429	1.21652	-3.84341	0.833035	-0.635512	0.248858	0.120151	-0.111628	
-0.13694	0.125453	0.00280332	0.1037	0	0	0	0	0	0	0	0	0	0	0	0	0	0	
2.55441	-1.6885	-0.00552088	0	1.06617	0.414712	0.374649	0.647186	0.485584	-0.00471196	0.074204	0	0	0	0	0	0	0	
8.12056	-5.028	-6.29344	0	0.414712	4.43695	0.473329	1.61867	0.202533	0.659545	-0.0834726	0	0	0	0	0	0	0	
1.0327	-0.760334	-0.622715	0	0.374649	0.473329	0.355725	0.275656	0.311509	0.120126	0.119603	0	0	0	0	0	0	0	
3.32705	-2.14698	-1.83603	0	0.647186	1.61867	0.275656	1.11242	0.273825	0.26382	-0.123078	0	0	0	0	0	0	0	
1.01457	-0.754701	-0.158228	0	0.485584	0.202533	0.311509	0.273825	0.357588	0.00316899	0.107071	0	0	0	0	0	0	0	
0.165524	-0.102912	-0.814037	0	-0.00471196	0.659545	0.120126	0.26382	0.00316899	0.416595	5.95047e-07	0	0	0	0	0	0	0	
0.0504397	-0.0504397	0.0486429	0	0.074204	-0.0834726	0.119603	-0.123078	0.107071	5.95047e-07	0.175686	0	0	0	0	0	0	0	
-1.07179	0.709476	1.21652	0	0	0	0	0	0	0	0	2.17746	-0.244878	0.95707	0.412081	0.349285	0.206239	-0.12581	
-4.89208	2.71446	-3.84341	0	0	0	0	0	0	0	0	-0.244878	2.95366	-0.488613	0.955061	-0.204377	0.0856276	0.120711	
0.102156	0.12223	0.833035	0	0	0	0	0	0	0	0	0.95707	-0.488613	0.762013	-0.019682	0.461745	0.107698	-0.113217	
-0.182662	0.162835	-0.635512	0	0	0	0	0	0	0	0	0.412081	0.955061	-0.019682	0.858695	-0.101924	0.361144	0.0755137	
0.0213436	0.0731469	0.248858	0	0	0	0	0	0	0	0	0.349285	-0.204377	0.461745	-0.101924	0.456231	-0.00926095	-0.0130815	
0.64068	-0.249224	0.120151	0	0	0	0	0	0	0	0	0.206239	0.0856276	0.107698	0.361144	-0.00926095	0.418321	5.97387e-07	
0.132036	-0.132036	-0.111628	0	0	0	0	0	0	0	0	-0.12581	0.120711	-0.113217	0.0755137	-0.0130815	5.97387e-07	0.175686	
102.286	-57.7535	-3.30102	-0.136951	2.55512	8.11955	1.03319	3.32586	1.01632	0.163199	0.0503387	-1.08341	-4.89919	0.096621	-0.188427	0.0192353	0.641185	0.132054	
-57.7535	34.2666	2.54717	0.125466	-1.68816	-5.02795	-0.760757	-2.14582	-0.75571	-0.101367	-0.0503387	0.714844	2.72038	0.124828	0.165564	0.0745276	-0.250078	-0.132054	
-3.30102	2.54717	17.7325	0.0028056	-0.00681006	-6.29338	-0.622221	-1.8387	-0.160063	-0.812863	0.0489105	1.21211	-3.85127	0.832597	-0.640613	0.250186	0.119653	-0.111846	
-0.136951	0.125466	0.0028056	0.1037	0	0	0	0	0	0	0	0	0	0	0	0	0	0	
2.55512	-1.68816	-0.00681006	0	1.06583	0.414471	0.375146	0.646038	0.485828	-0.00533247	0.0740452	0	0	0	0	0	0	0	
8.11955	-5.02795	-6.29338	0	0.414471	4.43613	0.473082	1.61941	0.203679	0.658549	-0.0836527	0	0	0	0	0	0	0	
1.03319	-0.760757	-0.622221	0	0.375146	0.473082	0.355955	0.275826	0.312002	0.119776	0.119417	0	0	0	0	0	0	0	
3.32586	-2.14582	-1.8387	0	0.646038	1.61941	0.275826	1.1117	0.273969	0.26348	-0.12322	0	0	0	0	0	0	0	
1.01632	-0.75571	-0.160063	0	0.485828	0.203679	0.312002	0.273969	0.357897	0.00317596	0.106909	0	0	0	0	0	0	0	
0.163199	-0.101367	-0.812863	0	-0.00533247	0.658549	0.119776	0.26348	0.00317596	0.416595	5.95048e-07	0	0	0	0	0	0	0	
0.0503387	-0.0503387	0.0489105	0	0.0740452	-0.0836527	0.119417	-0.12322	0.106909	5.95048e-07	0.175686	0	0	0	0	0	0	0	
-1.08341	0.714844	1.21211	0	0	0	0	0	0	0	0	2.17506	-0.245134	0.957814	0.410627	0.350819	0.206026	-0.125976	
-4.89919	2.72038	-3.85127	0	0	0	0	0	0	0	0	-0.245134	2.95652	-0.488061	0.957265	-0.204721	0.0865104	0.120664	
0.096621	0.124828	0.832597	0	0	0	0	0	0	0	0	0.957814	-0.488061	0.762193	-0.0198675	0.462227	0.1074	-0.11301	
-0.188427	0.165564	-0.640613	0	0	0	0	0	0	0	0	0.410627	0.957265	-0.0198675	0.859322	-0.101846	0.361505	0.0753689	
0.0192353	0.0745276	0.250186	0	0	0	0	0	0	0	0	0.350819	-0.204721	0.462227	-0.101846	0.456298	-0.00922078	-0.0128988	
0.641185	-0.250078	0.119653	0	0	0	0	0	0	0	0	0.206026	0.0865104	0.1074	0.361505	-0.00922078	0.418296	5.97356e-07	
0.132054	-0.132054	-0.111846	0	0	0	0	0	0	0	0	-0.125976	0.120664	-0.11301	0.0753689	-0.0128988	5.97356e-07	0.175686	
102.298	-57.7648	-3.2908	-0.136961	2.55583	8.11853	1.03368	3.32467	1.01807	0.160875	0.0502378	-1.09502	-4.90628	0.0910686	-0.194203	0.0171148	0.641669	0.132069	
-57.7648	34.2778	2.53966	0.12548	-1.68782	-5.0279	-0.761184	-2.14466	-0.756718	-0.0998234	-0.0502378	0.720208	2.72629	0.127436	0.168303	0.0759135	-0.250922	-0.132069	
-3.2908	2.53966	17.7423	0.00280789	-0.00810462	-6.29331	-0.621734	-1.84135	-0.161899	-0.811683	0.0491789	1.20769	-3.85912	0.832142	-0.645723	0.251505	0.119144	-0.112061	
-0.136961	0.12548	0.00280789	0.1037	0	0	0	0	0	0	0	0	0	0	0	0	0	0	
2.55583	-1.68782	-0.00810462	0	1.06549	0.414233	0.375643	0.644888	0.48607	-0.00595102	0.0738865	0	0	0	0	0	0	0	
8.11853	-5.0279	-6.29331	0	0.414233	4.43529	0.472838	1.62014	0.204825	0.657549	-0.0838333	0	0	0	0	0	0	0	
1.03368	-0.761184	-0.621734	0	0.375643	0.472838	0.356185	0.275994	0.312494	0.119426	0.119231	0	0	0	0	0	0	0	
3.32467	-2.14466	-1.84135	0	0.644888	1.62014	0.275994	1.11098	0.274113	0.26314	-0.123363	0	0	0	0	0	0	0	
1.01807	-0.756718	-0.161899	0	0.48607	0.204825	0.312494	0.274113	0.358206	0.00318294	0.106746	0	0	0	0	0	0	0	
0.160875	-0.0998234	-0.811683	0	-0.00595102	0.657549	0.119426	0.26314	0.00318294	0.416596	5.95048e-07	0	0	0	0	0	0	0	
0.0502378	-0.0502378	0.0491789	0	0.0738865	-0.0838333	0.119231	-0.123363	0.106746	5.95048e-07	0.175686	0	0	0	0	0	0	0	
-1.09502	0.720208	1.20769	0	0	0	0	0	0	0	0	2.17265	-0.24539	0.958552	0.40917	0.35235	0.205811	-0.12614	
-4.90628	2.72629	-3.85912	0	0	0	0	0	0	0	0	-0.24539	2.95938	-0.487506	0.959469	-0.205061	0.0873954	0.120615	
0.0910686	0.127436	0.832142	0	0	0	0	0	0	0	0	0.958552	-0.487506	0.762371	-0.0200525	0.462707	0.107103	-0.112802	
-0.194203	0.168303	-0.645723	0	0	0	0	0	0	0	0	0.40917	0.959469	-0.0200525	0.859948	-0.101767	0.361867	0.0752238	
0.0171148	0.0759135	0.251505	0	0	0	0	0	0	0	0	0.35235	-0.205061	0.462707	-0.101767	0.456364	-0.00918055	-0.0127162	
0.641669	-0.250922	0.119144	0	0	0	0	0	0	0	0	0.205811	0.0873954	0.107103	0.361867	-0.00918055	0.41827	5.97325e-07	
0.132069	-0.132069	-0.112061	0	0	0	0	0	0	0	0	-0.12614	0.120615	-0.112802	0.0752238	-0.0127162	5.97325e-07	0.175686	
102.309	-57.7761	-3.28056	-0.136972	2.55653	8.11751	1.03418	3.32347	1.01982	0.158554	0.0501369	-1.10661	-4.91336	0.085499	-0.199991	0.0149821	0.642131	0.132082	
-57.7761	34.2891	2.53215	0.125493	-1.68748	-5.02786	-0.761615	-2.14349	-0.757725	-0.0982823	-0.0501369	0.725569	2.7322	0.130052	0.171052	0.0773046	-0.251754	-0.132082	
-3.28056	2.53215	17.752	0.00281019	-0.00940454	-6.29323	-0.621253	-1.844	-0.163736	-0.810498	0.0494481	1.20326	-3.86697	0.83167	-0.650843	0.252816	0.118623	-0.112271	
-0.136972	0.125493	0.00281019	0.1037	0	0	0	0	0	0	0	0	0	0	0	0	0	0	
2.55653	-1.68748	-0.00940454	0	1.06515	0.413998	0.37614	0.643736	0.48631	-0.0065676	0.0737279	0	0	0	0	0	0	0	
8.11751	-5.02786	-6.29323	0	0.413998	4.43446	0.472597	1.62087	0.205971	0.656546	-0.0840146	0	0	0	0	0	0	0	
1.03418	-0.761615	-0.621253	0	0.37614	0.472597	0.356418	0.276162	0.312986	0.119076	0.119044	0	0	0	0	0	0	0	
3.32347	-2.14349	-1.844	0	0.643736	1.62087	0.276162	1.11026	0.274256	0.262801	-0.123505	0	0	0	0	0	0	0	
1.01982	-0.757725	-0.163736	0	0.48631	0.205971	0.312986	0.274256	0.358515	0.00318993	0.106583	0	0	0	0	0	0	0	
0.158554	-0.0982823	-0.810498	0	-0.0065676	0.656546	0.119076	0.262801	0.00318993	0.416596	5.95049e-07	0	0	0	0	0	0	0	
0.0501369	-0.0501369	0.0494481	0	0.0737279	-0.0840146	0.119044	-0.123505	0.106583	5.95049e-07	0.175686	0	0	0	0	0	0	0	
-1.10661	0.725569	1.20326	0	0	0	0	0	0	0	0	2.17023	-0.245646	0.959284	0.407711	0.353879	0.205591	-0.1263	
-4.91336	2.7322	-3.86697	0	0	0	0	0	0	0	0	-0.245646	2.96225	-0.48695	0.961675	-0.205398	0.0882828	0.120565	
0.085499	0.130052	0.83167	0	0	0	0	0	0	0	0	0.959284	-0.48695	0.762547	-0.020237	0.463186	0.106805	-0.112593	
-0.199991	0.171052	-0.650843	0	0	0	0	0	0	0	0	0.407711	0.961675	-0.020237	0.860575	-0.101687	0.362228	0.0750785	
0.0149821	0.0773046	0.252816	0	0	0	0	0	0	0	0	0.353879	-0.205398	0.463186	-0.101687	0.45643	-0.00914023	-0.0125336	
0.642131	-0.251754	0.118623	0	0	0	0	0	0	0	0	0.205591	0.0882828	0.106805	0.362228	-0.00914023	0.418245	5.97294e-07	
0.132082	-0.132082	-0.112271	0	0	0	0	0	0	0	0	-0.1263	0.120565	-0.112593	0.0750785	-0.0125336	5.97294e-07	0.175686	
102.32	-57.7873	-3.27031	-0.136982	2.55724	8.11649	1.03468	3.32227	1.02157	0.156234	0.0500361	-1.11819	-4.92042	0.0799123	-0.205789	0.0128371	0.642572	0.132093	
-57.7873	34.3003	2.52462	0.125506	-1.68715	-5.02782	-0.762048	-2.14233	-0.758732	-0.0967433	-0.0500361	0.730926	2.73812	0.132678	0.173812	0.0787008	-0.252576	-0.132093	
-3.27031	2.52462	17.7617	0.00281249	-0.0107098	-6.29315	-0.620779	-1.84664	-0.165574	-0.809307	0.0497181	1.19882	-3.87481	0.831181	-0.655971	0.254118	0.118091	-0.112477	
-0.136982	0.125506	0.00281249	0.1037	0	0	0	0	0	0	0	0	0	0	0	0	0	0	
2.55724	-1.68715	-0.0107098	0	1.0648	0.413767	0.376637	0.642583	0.486549	-0.00718222	0.0735692	0	0	0	0	0	0	0	
8.11649	-5.02782	-6.29315	0	0.413767	4.43362	0.47236	1.62159	0.207116	0.655541	-0.0841964	0	0	0	0	0	0	0	
1.03468	-0.762048	-0.620779	0	0.376637	0.47236	0.356651	0.276328	0.313478	0.118726	0.118857	0	0	0	0	0	0	0	
3.32227	-2.14233	-1.84664	0	0.642583	1.62159	0.276328	1.10954	0.274398	0.262461	-0.123647	0	0	0	0	0	0	0	
1.02157	-0.758732	-0.165574	0	0.486549	0.207116	0.313478	0.274398	0.358824	0.00319692	0.106419	0	0	0	0	0	0	0	
0.156234	-0.0967433	-0.809307	0	-0.00718222	0.655541	0.118726	0.262461	0.00319692	0.416597	5.9505e-07	0	0	0	0	0	0	0	
0.0500361	-0.0500361	0.0497181	0	0.0735692	-0.0841964	0.118857	-0.123647	0.106419	5.9505e-07	0.175686	0	0	0	0	0	0	0	
-1.11819	0.730926	1.19882	0	0	0	0	0	0	0	0	2.1678	-0.245901	0.960009	0.406249	0.355405	0.205369	-0.126458	
-4.92042	2.73812	-3.87481	0	0	0	0	0	0	0	0	-0.245901	2.96512	-0.486391	0.963881	-0.205732	0.0891726	0.120513	
0.0799123	0.132678	0.831181	0	0	0	0	0	0	0	0	0.960009	-0.486391	0.762721	-0.020421	0.463663	0.106507	-0.112383	
-0.205789	0.173812	-0.655971	0	0	0	0	0	0	0	0	0.406249	0.963881	-0.020421	0.861201	-0.101606	0.362589	0.0749331	
0.0128371	0.0787008	0.254118	0	0	0	0	0	0	0	0	0.355405	-0.205732	0.463663	-0.101606	0.456495	-0.00909984	-0.0123511	
0.642572	-0.252576	0.118091	0	0	0	0	0	0	0	0	0.205369	0.0891726	0.106507	0.362589	-0.00909984	0.41822	5.97263e-07	
0.132093	-0.132093	-0.112477	0	0	0	0	0	0	0	0	-0.126458	0.120513	-0.112383	0.0749331	-0.0123511	5.97263e-07	0.175686	
102.331	-57.7985	-3.26006	-0.136993	2.55795	8.11546	1.03519	3.32105	1.02332	0.153915	0.0499354	-1.12976	-4.92746	0.0743088	-0.211598	0.01068	0.642991	0.132101	
-57.7985	34.3116	2.51709	0.12552	-1.68681	-5.02779	-0.762485	-2.14116	-0.759737	-0.0952063	-0.0499354	0.736278	2.74403	0.135313	0.176581	0.0801022	-0.253387	-0.132101	
-3.26006	2.51709	17.7714	0.00281481	-0.0120205	-6.29306	-0.620311	-1.84926	-0.167414	-0.808111	0.0499888	1.19437	-3.88266	0.830674	-0.661108	0.255412	0.117548	-0.11268	
-0.136993	0.12552	0.00281481	0.1037	0	0	0	0	0	0	0	0	0	0	0	0	0	0	
2.55795	-1.68681	-0.0120205	0	1.06445	0.413539	0.377133	0.641429	0.486786	-0.00779489	0.0734107	0	0	0	0	0	0	0	
8.11546	-5.02779	-6.29306	0	0.413539	4.43278	0.472126	1.62231	0.208262	0.654532	-0.0843788	0	0	0	0	0	0	0	
1.03519	-0.762485	-0.620311	0	0.377133	0.472126	0.356887	0.276493	0.31397	0.118377	0.11867	0	0	0	0	0	0	0	
3.32105	-2.14116	-1.84926	0	0.641429	1.62231	0.276493	1.10882	0.274539	0.262121	-0.12379	0	0	0	0	0	0	0	
1.02332	-0.759737	-0.167414	0	0.486786	0.208262	0.31397	0.274539	0.359133	0.00320393	0.106256	0	0	0	0	0	0	0	
0.153915	-0.0952063	-0.808111	0	-0.00779489	0.654532	0.118377	0.262121	0.00320393	0.416597	5.95051e-07	0	0	0	0	0	0	0	
0.0499354	-0.0499354	0.0499888	0	0.0734107	-0.0843788	0.11867	-0.12379	0.106256	5.95051e-07	0.175686	0	0	0	0	0	0	0	
-1.12976	0.736278	1.19437	0	0	0	0	0	0	0	0	2.16537	-0.246156	0.960729	0.404785	0.356929	0.205143	-0.126613	
-4.92746	2.74403	-3.88266	0	0	0	0	0	0	0	0	-0.246156	2.96799	-0.48583	0.966089	-0.206063	0.0900647	0.12046	
0.0743088	0.135313	0.830674	0	0	0	0	0	0	0	0	0.960729	-0.48583	0.762893	-0.0206045	0.464138	0.106209	-0.112173	
-0.211598	0.176581	-0.661108	0	0	0	0	0	0	0	0	0.404785	0.966089	-0.0206045	0.861827	-0.101524	0.36295	0.0747874	
0.01068	0.0801022	0.255412	0	0	0	0	0	0	0	0	0.356929	-0.206063	0.464138	-0.101524	0.456559	-0.00905938	-0.0121686	
0.642991	-0.253387	0.117548	0	0	0	0	0	0	0	0	0.205143	0.0900647	0.106209	0.36295	-0.00905938	0.418195	5.97232e-07	
0.132101	-0.132101	-0.11268	0	0	0	0	0	0	0	0	-0.126613	0.12046	-0.112173	0.0747874	-0.0121686	5.97232e-07	0.175686	
102.342	-57.8097	-3.24979	-0.137003	2.55866	8.11443	1.0357	3.31983	1.02506	0.151599	0.0498348	-1.14131	-4.93449	0.0686884	-0.217418	0.00851074	0.643389	0.132107	
-57.8097	34.3229	2.50954	0.125533	-1.68647	-5.02775	-0.762926	-2.13999	-0.760741	-0.0936714	-0.0498348	0.741627	2.74994	0.137957	0.179361	0.0815089	-0.254188	-0.132107	
-3.24979	2.50954	17.7811	0.00281714	-0.0133365	-6.29297	-0.61985	-1.85188	-0.169254	-0.806909	0.0502604	1.18991	-3.8905	0.83015	-0.666254	0.256696	0.116993	-0.112878	
-0.137003	0.125533	0.00281714	0.1037	0	0	0	0	0	0	0	0	0	0	0	0	0	0	
2.55866	-1.68647	-0.0133365	0	1.0641	0.413315	0.37763	0.640273	0.487021	-0.00840559	0.0732521	0	0	0	0	0	0	0	
8.11443	-5.02775	-6.29297	0	0.413315	4.43193	0.471896	1.62303	0.209407	0.653521	-0.0845619	0	0	0	0	0	0	0	
1.0357	-0.762926	-0.61985	0	0.37763	0.471896	0.357123	0.276657	0.314462	0.118028	0.118482	0	0	0	0	0	0	0	
3.31983	-2.13999	-1.85188	0	0.640273	1.62303	0.276657	1.10809	0.274679	0.261782	-0.123932	0	0	0	0	0	0	0	
1.02506	-0.760741	-0.169254	0	0.487021	0.209407	0.314462	0.274679	0.359442	0.00321094	0.106092	0	0	0	0	0	0	0	
0.151599	-0.0936714	-0.806909	0	-0.00840559	0.653521	0.118028	0.261782	0.00321094	0.416597	5.95051e-07	0	0	0	0	0	0	0	
0.0498348	-0.0498348	0.0502604	0	0.0732521	-0.0845619	0.118482	-0.123932	0.106092	5.95051e-07	0.175686	0	0	0	0	0	0	0	
-1.14131	0.741627	1.18991	0	0	0	0	0	0	0	0	2.16292	-0.246411	0.961442	0.403318	0.358451	0.204914	-0.126765	
-4.93449	2.74994	-3.8905	0	0	0	0	0	0	0	0	-0.246411	2.97087	-0.485266	0.968299	-0.20639	0.0909592	0.120406	
0.0686884	0.137957	0.83015	0	0	0	0	0	0	0	0	0.961442	-0.485266	0.763063	-0.0207875	0.464612	0.105911	-0.111961	
-0.217418	0.179361	-0.666254	0	0	0	0	0	0	0	0	0.403318	0.968299	-0.0207875	0.862453	-0.101441	0.36331	0.0746416	
0.00851074	0.0815089	0.256696	0	0	0	0	0	0	0	0	0.358451	-0.20639	0.464612	-0.101441	0.456623	-0.00901885	-0.0119861	
0.643389	-0.254188	0.116993	0	0	0	0	0	0	0	0	0.204914	0.0909592	0.105911	0.36331	-0.00901885	0.41817	5.97201e-07	
0.132107	-0.132107	-0.112878	0	0	0	0	0	0	0	0	-0.126765	0.120406	-0.111961	0.0746416	-0.0119861	5.97201e-07	0.175686	
102.353	-57.8209	-3.23952	-0.137014	2.55937	8.11339	1.03622	3.3186	1.02681	0.149284	0.0497342	-1.15285	-4.9415	0.0630515	-0.223248	0.00632932	0.643766	0.13211	
-57.8209	34.3342	2.50199	0.125546	-1.68614	-5.02773	-0.763369	-2.13882	-0.761745	-0.0921386	-0.0497342	0.746971	2.75585	0.140609	0.182151	0.0829207	-0.254977	-0.13211	
-3.23952	2.50199	17.7908	0.00281947	-0.0146578	-6.29287	-0.619395	-1.8545	-0.171096	-0.805702	0.0505328	1.18544	-3.89834	0.829608	-0.671408	0.257972	0.116427	-0.113072	
-0.137014	0.125546	0.00281947	0.1037	0	0	0	0	0	0	0	0	0	0	0	0	0	0	
2.55937	-1.68614	-0.0146578	0	1.06374	0.413094	0.378126	0.639116	0.487255	-0.00901431	0.0730936	0	0	0	0	0	0	0	
8.11339	-5.02773	-6.29287	0	0.413094	4.43107	0.471669	1.62374	0.210553	0.652506	-0.0847456	0	0	0	0	0	0	0	
1.03622	-0.763369	-0.619395	0	0.378126	0.471669	0.357361	0.27682	0.314953	0.117679	0.118294	0	0	0	0	0	0	0	
3.3186	-2.13882	-1.8545	0	0.639116	1.62374	0.27682	1.10737	0.274818	0.261442	-0.124074	0	0	0	0	0	0	0	
1.02681	-0.761745	-0.171096	0	0.487255	0.210553	0.314953	0.274818	0.359752	0.00321795	0.105927	0	0	0	0	0	0	0	
0.149284	-0.0921386	-0.805702	0	-0.00901431	0.652506	0.117679	0.261442	0.00321795	0.416598	5.95052e-07	0	0	0	0	0	0	0	
0.0497342	-0.0497342	0.0505328	0	0.0730936	-0.0847456	0.118294	-0.124074	0.105927	5.95052e-07	0.175686	0	0	0	0	0	0	0	
-1.15285	0.746971	1.18544	0	0	0	0	0	0	0	0	2.16047	-0.246665	0.962149	0.401849	0.35997	0.204681	-0.126914	
-4.9415	2.75585	-3.89834	0	0	0	0	0	0	0	0	-0.246665	2.97375	-0.484701	0.970509	-0.206715	0.0918561	0.12035	
0.0630515	0.140609	0.829608	0	0	0	0	0	0	0	0	0.962149	-0.484701	0.763232	-0.02097	0.465084	0.105613	-0.111749	
-0.223248	0.182151	-0.671408	0	0	0	0	0	0	0	0	0.401849	0.970509	-0.02097	0.863078	-0.101358	0.363671	0.0744955	
0.00632932	0.0829207	0.257972	0	0	0	0	0	0	0	0	0.35997	-0.206715	0.465084	-0.101358	0.456686	-0.00897825	-0.0118037	
0.643766	-0.254977	0.116427	0	0	0	0	0	0	0	0	0.204681	0.0918561	0.105613	0.363671	-0.00897825	0.418146	5.9717e-07	
0.13211	-0.13211	-0.113072	0	0	0	0	0	0	0	0	-0.126914	0.12035	-0.111749	0.0744955	-0.0118037	5.9717e-07	0.175686	
102.364	-57.832	-3.22923	-0.137024	2.56008	8.11235	1.03675	3.31736	1.02855	0.146971	0.0496338	-1.16438	-4.9485	0.057398	-0.229088	0.00413578	0.644121	0.132111	
-57.832	34.3455	2.49443	0.12556	-1.6858	-5.0277	-0.763816	-2.13765	-0.762747	-0.0906078	-0.0496338	0.75231	2.76176	0.143271	0.18495	0.0843376	-0.255756	-0.132111	
-3.22923	2.49443	17.8005	0.00282181	-0.0159844	-6.29276	-0.618947	-1.8571	-0.172939	-0.804489	0.0508059	1.18096	-3.90618	0.82905	-0.676572	0.259239	0.115849	-0.113262	
-0.137024	0.12556	0.00282181	0.1037	0	0	0	0	0	0	0	0	0	0	0	0	0	0	
2.56008	-1.6858	-0.0159844	0	1.06338	0.412877	0.378622	0.637958	0.487487	-0.00962106	0.0729352	0	0	0	0	0	0	0	
8.11235	-5.0277	-6.29276	0	0.412877	4.43021	0.471445	1.62444	0.211698	0.651489	-0.0849299	0	0	0	0	0	0	0	
1.03675	-0.763816	-0.618947	0	0.378622	0.471445	0.357601	0.276982	0.315444	0.11733	0.118105	0	0	0	0	0	0	0	
3.31736	-2.13765	-1.8571	0	0.637958	1.62444	0.276982	1.10665	0.274957	0.261103	-0.124216	0	0	0	0	0	0	0	
1.02855	-0.762747	-0.172939	0	0.487487	0.211698	0.315444	0.274957	0.360061	0.00322498	0.105763	0	0	0	0	0	0	0	
0.146971	-0.0906078	-0.804489	0	-0.00962106	0.651489	0.11733	0.261103	0.00322498	0.416598	5.95053e-07	0	0	0	0	0	0	0	
0.0496338	-0.0496338	0.0508059	0	0.0729352	-0.0849299	0.118105	-0.124216	0.105763	5.95053e-07	0.175686	0	0	0	0	0	0	0	
-1.16438	0.75231	1.18096	0	0	0	0	0	0	0	0	2.15801	-0.24692	0.962849	0.400377	0.361487	0.204445	-0.12706	
-4.9485	2.76176	-3.90618	0	0	0	0	0	0	0	0	-0.24692	2.97664	-0.484132	0.97272	-0.207037	0.0927553	0.120293	
0.057398	0.143271	0.82905	0	0	0	0	0	0	0	0	0.962849	-0.484132	0.763398	-0.021152	0.465555	0.105316	-0.111536	
-0.229088	0.18495	-0.676572	0	0	0	0	0	0	0	0	0.400377	0.97272	-0.021152	0.863704	-0.101274	0.364031	0.0743493	
0.00413578	0.0843376	0.259239	0	0	0	0	0	0	0	0	0.361487	-0.207037	0.465555	-0.101274	0.456748	-0.00893757	-0.0116214	
0.644121	-0.255756	0.115849	0	0	0	0	0	0	0	0	0.204445	0.0927553	0.105316	0.364031	-0.00893757	0.418121	5.9714e-07	
0.132111	-0.132111	-0.113262	0	0	0	0	0	0	0	0	-0.12706	0.120293	-0.111536	0.0743493	-0.0116214	5.9714e-07	0.175686	
102.375	-57.8431	-3.21894	-0.137035	2.5608	8.11131	1.03728	3.31611	1.03029	0.14466	0.0495334	-1.17589	-4.95548	0.0517282	-0.234939	0.00193013	0.644455	0.13211	
-57.8431	34.3568	2.48687	0.125573	-1.68547	-5.02768	-0.764266	-2.13647	-0.763748	-0.0890792	-0.0495334	0.757644	2.76767	0.145942	0.18776	0.0857596	-0.256524	-0.13211	
-3.21894	2.48687	17.8102	0.00282417	-0.0173162	-6.29265	-0.618505	-1.85969	-0.174783	-0.803271	0.0510798	1.17646	-3.91402	0.828474	-0.681743	0.260498	0.115261	-0.113448	
-0.137035	0.125573	0.00282417	0.1037	0	0	0	0	0	0	0	0	0	0	0	0	0	0	
2.5608	-1.68547	-0.0173162	0	1.06302	0.412662	0.379118	0.636798	0.487717	-0.0102258	0.0727768	0	0	0	0	0	0	0	
8.11131	-5.02768	-6.29265	0	0.412662	4.42935	0.471225	1.62514	0.212843	0.650469	-0.0851148	0	0	0	0	0	0	0	
1.03728	-0.764266	-0.618505	0	0.379118	0.471225	0.357842	0.277142	0.315934	0.116982	0.117916	0	0	0	0	0	0	0	
3.31611	-2.13647	-1.85969	0	0.636798	1.62514	0.277142	1.10592	0.275095	0.260763	-0.124358	0	0	0	0	0	0	0	
1.03029	-0.763748	-0.174783	0	0.487717	0.212843	0.315934	0.275095	0.36037	0.00323201	0.105598	0	0	0	0	0	0	0	
0.14466	-0.0890792	-0.803271	0	-0.0102258	0.650469	0.116982	0.260763	0.00323201	0.416599	5.95054e-07	0	0	0	0	0	0	0	
0.0495334	-0.0495334	0.0510798	0	0.0727768	-0.0851148	0.117916	-0.124358	0.105598	5.95054e-07	0.175686	0	0	0	0	0	0	0	
-1.17589	0.757644	1.17646	0	0	0	0	0	0	0	0	2.15554	-0.247173	0.963544	0.398903	0.363001	0.204206	-0.127204	
